islandpick_117_1	2754785	2768394	13610
islandpick_117_2	4514467	4523153	8687
negative_117_1	86763	109345	22583
negative_117_2	187981	196819	8839
negative_117_3	199857	209266	9410
negative_117_4	452534	464009	11476
negative_117_5	701802	710548	8747
negative_117_6	753692	765571	11880
negative_117_7	951829	960520	8692
negative_117_8	972100	981246	9147
negative_117_9	1148254	1157231	8978
negative_117_10	2394996	2410116	15121
negative_117_11	2445847	2454604	8758
negative_117_12	2634685	2643648	8964
negative_117_13	2686114	2694538	8425
negative_117_14	2699278	2709613	10336
negative_117_15	2813457	2822352	8896
negative_117_16	2949092	2961577	12486
negative_117_17	3306153	3318167	12015
negative_117_18	3447098	3461028	13931
negative_117_19	3576633	3585399	8767
negative_117_20	3653831	3662197	8367
negative_117_21	3664159	3672663	8505
negative_117_22	4187072	4204444	17373
negative_117_23	4404425	4414687	10263