islandpick_55_1	1102775	1118336	15562
islandpick_55_2	1334961	1347690	12730
islandpick_55_3	4361767	4372459	10693
negative_55_1	94942	103451	8510
negative_55_2	111195	123285	12091
negative_55_3	123386	133709	10324
negative_55_4	133747	155976	22230
negative_55_5	245584	270212	24629
negative_55_6	543066	556009	12944
negative_55_7	572835	582237	9403
negative_55_8	768587	779819	11233
negative_55_9	807859	816583	8725
negative_55_10	825367	837080	11714
negative_55_11	838702	847868	9167
negative_55_12	919932	931113	11182
negative_55_13	973512	981978	8467
negative_55_14	1018817	1029931	11115
negative_55_15	1053255	1070057	16803
negative_55_16	1559787	1567908	8122
negative_55_17	1818729	1829892	11164
negative_55_18	1849013	1859001	9989
negative_55_19	1870866	1879662	8797
negative_55_20	2090923	2100291	9369
negative_55_21	2335395	2350592	15198
negative_55_22	2438750	2465790	27041
negative_55_23	2488608	2499238	10631
negative_55_24	2503026	2511759	8734
negative_55_25	2672276	2681300	9025
negative_55_26	2696039	2705851	9813
negative_55_27	2726326	2735752	9427
negative_55_28	2920953	2930437	9485
negative_55_29	3105004	3113523	8520
negative_55_30	3157390	3167401	10012
negative_55_31	3170308	3181068	10761
negative_55_32	3208416	3219118	10703
negative_55_33	3304918	3314782	9865
negative_55_34	3400814	3414667	13854
negative_55_35	3424857	3435772	10916
negative_55_36	3484659	3496021	11363
negative_55_37	3537216	3551060	13845
negative_55_38	3589913	3607863	17951
negative_55_39	3609771	3619235	9465
negative_55_40	3621813	3633135	11323
negative_55_41	4008610	4021445	12836
negative_55_42	4041546	4049682	8137
negative_55_43	4057479	4066528	9050
negative_55_44	4068171	4077175	9005
negative_55_45	4108030	4117134	9105
negative_55_46	4143141	4153103	9963
negative_55_47	4293758	4308388	14631
negative_55_48	4535998	4546986	10989
negative_55_49	4718938	4728170	9233