islandpick_23_1	295143	313008	17866
islandpick_23_2	938876	948472	9597
islandpick_23_3	1080973	1091838	10866
islandpick_23_4	1261315	1280521	19207
islandpick_23_5	1409798	1430399	20602
islandpick_23_6	2188786	2202930	14145
islandpick_23_7	2598722	2621065	22344
islandpick_23_8	3293984	3306245	12262
islandpick_23_9	4793419	4805424	12006
islandpick_23_10	4805572	4815653	10082
islandpick_23_11	4820310	4831594	11285
islandpick_23_12	4866662	4880685	14024
islandpick_23_13	4883773	4892341	8569
islandpick_23_14	5009432	5025750	16319
negative_23_1	4222996	4231325	8330
negative_23_2	4233806	4242842	9037
negative_23_3	4336056	4346005	9950
negative_23_4	4396173	4404267	8095
negative_23_5	81291	113583	32293
negative_23_6	114115	122460	8346
negative_23_7	170670	179389	8720
negative_23_8	190433	214438	24006
negative_23_9	466178	478931	12754
negative_23_10	493061	504030	10970
negative_23_11	639999	651606	11608
negative_23_12	702685	711301	8617
negative_23_13	720819	732448	11630
negative_23_14	735172	744358	9187
negative_23_15	852368	860830	8463
negative_23_16	896609	910050	13442
negative_23_17	965535	991335	25801
negative_23_18	1191641	1204977	13337
negative_23_19	1336271	1344518	8248
negative_23_20	1349467	1358265	8799
negative_23_21	1447765	1459197	11433
negative_23_22	1746108	1759590	13483
negative_23_23	1921244	1932450	11207
negative_23_24	1937896	1948707	10812
negative_23_25	1957336	1966170	8835
negative_23_26	2407911	2422876	14966
negative_23_27	2510119	2518539	8421
negative_23_28	2522190	2549051	26862
negative_23_29	2560853	2571545	10693
negative_23_30	2572798	2581747	8950
negative_23_31	2783535	2792504	8970
negative_23_32	2830825	2840362	9538
negative_23_33	3141044	3150611	9568
negative_23_34	3212994	3221967	8974
negative_23_35	3223732	3238966	15235
negative_23_36	3261574	3271721	10148
negative_23_37	3524357	3538185	13829
negative_23_38	3550266	3561012	10747
negative_23_39	3653548	3671167	17620
negative_23_40	3705706	3715738	10033
negative_23_41	3715778	3728156	12379
negative_23_42	3769722	3783326	13605
negative_23_43	4054374	4063573	9200
negative_23_44	4176370	4197480	21111
negative_23_45	4207823	4217743	9921