islandpick_104_1	178263	188128	9866
islandpick_104_2	471691	490825	19135
islandpick_104_3	599593	611763	12171
islandpick_104_4	2071925	2109577	37653
islandpick_104_5	2413611	2421710	8100
islandpick_104_6	2525520	2541790	16271
islandpick_104_7	3167618	3177659	10042
negative_104_1	1	8305	8305
negative_104_2	59241	69209	9969
negative_104_3	235974	246942	10969
negative_104_4	284372	296893	12522
negative_104_5	300897	311682	10786
negative_104_6	312814	323165	10352
negative_104_7	323631	335443	11813
negative_104_8	418764	431652	12889
negative_104_9	533887	552507	18621
negative_104_10	559786	574200	14415
negative_104_11	649902	661258	11357
negative_104_12	716553	730789	14237
negative_104_13	739062	748369	9308
negative_104_14	751421	760639	9219
negative_104_15	766013	775543	9531
negative_104_16	815888	825571	9684
negative_104_17	866401	884673	18273
negative_104_18	885012	898256	13245
negative_104_19	942324	981529	39206
negative_104_20	1015181	1059118	43938
negative_104_21	1061113	1071528	10416
negative_104_22	1078977	1113831	34855
negative_104_23	1116033	1135388	19356
negative_104_24	1140306	1149715	9410
negative_104_25	1150074	1161150	11077
negative_104_26	1180394	1188562	8169
negative_104_27	1189278	1214418	25141
negative_104_28	1265404	1274268	8865
negative_104_29	1284957	1293487	8531
negative_104_30	1294454	1311320	16867
negative_104_31	1315084	1324199	9116
negative_104_32	1357566	1368285	10720
negative_104_33	1387610	1396674	9065
negative_104_34	1404689	1426477	21789
negative_104_35	1429818	1441058	11241
negative_104_36	1474878	1485560	10683
negative_104_37	1487881	1496595	8715
negative_104_38	1584932	1593967	9036
negative_104_39	1600501	1609517	9017
negative_104_40	1610024	1642070	32047
negative_104_41	1651393	1667202	15810
negative_104_42	1684144	1694152	10009
negative_104_43	1699726	1708423	8698
negative_104_44	1710982	1735652	24671
negative_104_45	1753197	1779810	26614
negative_104_46	1786318	1798738	12421
negative_104_47	1801395	1811501	10107
negative_104_48	1814720	1853112	38393
negative_104_49	1863560	1873600	10041
negative_104_50	1883967	1904219	20253
negative_104_51	1905809	1914174	8366
negative_104_52	1917592	1984698	67107
negative_104_53	1985093	2029611	44519
negative_104_54	2052080	2061558	9479
negative_104_55	2139484	2152005	12522
negative_104_56	2152344	2166919	14576
negative_104_57	2167620	2178960	11341
negative_104_58	2179404	2191016	11613
negative_104_59	2194269	2204423	10155
negative_104_60	2204601	2216770	12170
negative_104_61	2234671	2275866	41196
negative_104_62	2278884	2298488	19605
negative_104_63	2298914	2310152	11239
negative_104_64	2321617	2332995	11379
negative_104_65	2339571	2351075	11505
negative_104_66	2357016	2371264	14249
negative_104_67	2376818	2396004	19187
negative_104_68	2398456	2409978	11523
negative_104_69	2468083	2481208	13126
negative_104_70	2502321	2512346	10026
negative_104_71	2512766	2523954	11189
negative_104_72	2570043	2580284	10242
negative_104_73	2587510	2596154	8645
negative_104_74	2642160	2651564	9405
negative_104_75	2717376	2727973	10598
negative_104_76	2729646	2743567	13922
negative_104_77	2743615	2756835	13221
negative_104_78	2757926	2767018	9093
negative_104_79	2794917	2803512	8596
negative_104_80	2860041	2877512	17472
negative_104_81	2911109	2944417	33309
negative_104_82	2948101	2960837	12737
negative_104_83	2969121	2979719	10599
negative_104_84	2988758	2997128	8371
negative_104_85	3054907	3067770	12864
negative_104_86	3080936	3091388	10453
negative_104_87	3155795	3165955	10161
negative_104_88	3181486	3196837	15352
negative_104_89	3227280	3236051	8772
negative_104_90	3294419	3307794	13376