islandpick_17_1	436003	464311	28309
negative_17_1	15564	24319	8756
negative_17_2	537657	552103	14447
negative_17_3	584301	617540	33240
negative_17_4	837335	850569	13235
negative_17_5	1116978	1127116	10139
negative_17_6	1146638	1158175	11538
negative_17_7	1196670	1206843	10174
negative_17_8	1319598	1339307	19710
negative_17_9	1574514	1585531	11018
negative_17_10	1662078	1671006	8929
negative_17_11	1687546	1697674	10129
negative_17_12	1744755	1758782	14028
negative_17_13	1782890	1792835	9946
negative_17_14	2003940	2012452	8513
negative_17_15	2044995	2053075	8081
negative_17_16	2170958	2184954	13997
negative_17_17	2231558	2243811	12254
negative_17_18	2250761	2260110	9350
negative_17_19	2364065	2379273	15209