islandpick_87_1	579579	597135	17557
islandpick_87_2	665644	674042	8399
islandpick_87_3	902901	928838	25938
islandpick_87_4	1167198	1175767	8570
islandpick_87_5	1175952	1200440	24489
islandpick_87_6	1261816	1308716	46901
islandpick_87_7	1370470	1384332	13863
islandpick_87_8	1576223	1586031	9809
islandpick_87_9	1632954	1649857	16904
islandpick_87_10	1794373	1806433	12061
islandpick_87_11	1806491	1814623	8133
islandpick_87_12	2163038	2176999	13962
islandpick_87_13	2186820	2199651	12832
islandpick_87_14	2209428	2217596	8169
islandpick_87_15	2668007	2692135	24129
islandpick_87_16	2703534	2712022	8489
islandpick_87_17	2895919	2926517	30599
islandpick_87_18	3194299	3205055	10757
islandpick_87_19	3853555	3863175	9621
islandpick_87_20	3866046	3874934	8889
islandpick_87_21	4584154	4606879	22726
islandpick_87_22	5359700	5390700	31001
negative_87_1	100491	112158	11668
negative_87_2	112191	124625	12435
negative_87_3	124645	133768	9124
negative_87_4	177675	186490	8816
negative_87_5	188853	212924	24072
negative_87_6	518139	529196	11058
negative_87_7	774274	790174	15901
negative_87_8	829888	841445	11558
negative_87_9	855935	865069	9135
negative_87_10	943600	953073	9474
negative_87_11	1057304	1071895	14592
negative_87_12	1090671	1116470	25800
negative_87_13	1134138	1144329	10192
negative_87_14	1720567	1729362	8796
negative_87_15	1827459	1838371	10913
negative_87_16	2305481	2319156	13676
negative_87_17	2532476	2541312	8837
negative_87_18	3008551	3017778	9228
negative_87_19	3104177	3113020	8844
negative_87_20	3116103	3143327	27225
negative_87_21	3154884	3165457	10574
negative_87_22	3166791	3175587	8797
negative_87_23	3352006	3361420	9415
negative_87_24	3374810	3382929	8120
negative_87_25	3410177	3418993	8817
negative_87_26	3772477	3781690	9214
negative_87_27	3783297	3793925	10629
negative_87_28	3825421	3834899	9479
negative_87_29	3920136	3929134	8999
negative_87_30	4043090	4060848	17759
negative_87_31	4123732	4138614	14883
negative_87_32	4170753	4188369	17617
negative_87_33	4229250	4242851	13602
negative_87_34	4279892	4288428	8537
negative_87_35	4708946	4729671	20726
negative_87_36	4780287	4789887	9601
negative_87_37	4811672	4820420	8749
negative_87_38	4844163	4855849	11687
negative_87_39	4920667	4928760	8094
negative_87_40	4984122	4998477	14356
negative_87_41	5246403	5261600	15198
negative_87_42	5464119	5472295	8177