islandpick_47_1	1318305	1340789	22485
islandpick_47_2	1898726	1907642	8917
islandpick_47_3	1913381	1923227	9847
islandpick_47_4	3613993	3652989	38997
islandpick_47_5	3653762	3684134	30373
negative_47_1	1102468	1111396	8929
negative_47_2	1274731	1286738	12008
negative_47_3	1342364	1358564	16201
negative_47_4	1420609	1432850	12242
negative_47_5	1439115	1451788	12674
negative_47_6	1486825	1496018	9194
negative_47_7	1565087	1584306	19220
negative_47_8	1635084	1655722	20639
negative_47_9	1699369	1714190	14822
negative_47_10	1738227	1749578	11352
negative_47_11	2065554	2082825	17272
negative_47_12	2118526	2127876	9351
negative_47_13	2128330	2143637	15308
negative_47_14	2451192	2463790	12599
negative_47_15	2777569	2791904	14336
negative_47_16	2884272	2892683	8412
negative_47_17	2933214	2944557	11344
negative_47_18	2951061	2963477	12417
negative_47_19	2972608	2981121	8514
negative_47_20	2998876	3013334	14459
negative_47_21	3035170	3048334	13165
negative_47_22	3076722	3094105	17384
negative_47_23	3163774	3171967	8194
negative_47_24	3178626	3187056	8431
negative_47_25	3187389	3204387	16999
negative_47_26	3221318	3232985	11668
negative_47_27	3266431	3275098	8668
negative_47_28	3279778	3294056	14279
negative_47_29	3299839	3325948	26110
negative_47_30	3328543	3348126	19584
negative_47_31	3362284	3379429	17146
negative_47_32	3415353	3433338	17986
negative_47_33	3457562	3473515	15954
negative_47_34	3479716	3496657	16942
negative_47_35	3498988	3525853	26866
negative_47_36	3539464	3560763	21300
negative_47_37	3574737	3610010	35274
negative_47_38	3703400	3719217	15818
negative_47_39	3747981	3758106	10126
negative_47_40	3797440	3805445	8006
negative_47_41	3868051	3877009	8959
negative_47_42	77	10212	10136
negative_47_43	36692	58984	22293
negative_47_44	101059	111708	10650
negative_47_45	116527	127371	10845
negative_47_46	145742	156569	10828
negative_47_47	159478	173502	14025
negative_47_48	180032	189151	9120
negative_47_49	195303	206547	11245
negative_47_50	296330	307381	11052
negative_47_51	307464	328613	21150
negative_47_52	345261	358240	12980
negative_47_53	410545	425397	14853
negative_47_54	429407	461615	32209
negative_47_55	475196	485793	10598
negative_47_56	505504	516494	10991
negative_47_57	581193	592211	11019
negative_47_58	616977	629612	12636
negative_47_59	633711	643220	9510
negative_47_60	653032	671853	18822
negative_47_61	674958	685669	10712
negative_47_62	697687	706255	8569
negative_47_63	715011	729241	14231
negative_47_64	764167	779530	15364
negative_47_65	791732	806432	14701
negative_47_66	843722	855588	11867
negative_47_67	910778	919757	8980
negative_47_68	963216	974244	11029
negative_47_69	979445	995837	16393
negative_47_70	1006735	1018041	11307