islandpick_18_1	238333	249717	11385
islandpick_18_2	324413	333839	9427
islandpick_18_3	1194518	1208294	13777
islandpick_18_4	3863845	3872029	8185
islandpick_18_5	3957478	3967089	9612
negative_18_1	48709	57163	8455
negative_18_2	76358	86581	10224
negative_18_3	87399	109429	22031
negative_18_4	109964	118070	8107
negative_18_5	156179	164902	8724
negative_18_6	175715	200190	24476
negative_18_7	424828	437552	12725
negative_18_8	453113	464097	10985
negative_18_9	619725	628902	9178
negative_18_10	635353	646922	11570
negative_18_11	668495	676757	8263
negative_18_12	872583	881047	8465
negative_18_13	911692	925784	14093
negative_18_14	951756	971557	19802
negative_18_15	1152471	1165803	13333
negative_18_16	1270557	1278838	8282
negative_18_17	1285725	1294521	8797
negative_18_18	1305277	1315475	10199
negative_18_19	1335036	1345880	10845
negative_18_20	1682057	1690905	8849
negative_18_21	1895142	1903973	8832
negative_18_22	2034261	2043716	9456
negative_18_23	2284759	2299723	14965
negative_18_24	2380576	2388999	8424
negative_18_25	2390714	2417580	26867
negative_18_26	2430722	2441533	10812
negative_18_27	2442405	2451213	8809
negative_18_28	2621218	2630193	8976
negative_18_29	2635115	2644782	9668
negative_18_30	2669655	2679192	9538
negative_18_31	2958988	2967502	8515
negative_18_32	3006847	3016178	9332
negative_18_33	3018222	3029317	11096
negative_18_34	3060781	3070813	10033
negative_18_35	3260437	3274190	13754
negative_18_36	3286317	3297160	10844
negative_18_37	3336688	3348014	11327
negative_18_38	3384742	3399624	14883
negative_18_39	3443940	3461783	17844
negative_18_40	3791461	3800501	9041
negative_18_41	3802988	3811554	8567
negative_18_42	3816565	3826486	9922
negative_18_43	3848168	3860903	12736
negative_18_44	4003807	4011980	8174
negative_18_45	4166042	4180562	14521
negative_18_46	4180602	4190781	10180
negative_18_47	4469651	4480547	10897
negative_18_48	4546075	4555334	9260