islandpick_113_1	1395289	1419011	23723
islandpick_113_2	1382305	1395262	12958
islandpick_113_3	1163554	1197455	33902
negative_113_1	16297	28846	12550
negative_113_2	34463	46171	11709
negative_113_3	74536	90913	16378
negative_113_4	147504	157029	9526
negative_113_5	172429	194024	21596
negative_113_6	759049	767162	8114
negative_113_7	773157	782207	9051
negative_113_8	792069	804083	12015
negative_113_9	903312	911845	8534
negative_113_10	934562	944694	10133
negative_113_11	1062255	1078651	16397
negative_113_12	1133248	1145414	12167
negative_113_13	1559930	1568308	8379
negative_113_14	1772906	1783416	10511
negative_113_15	1819268	1829437	10170
negative_113_16	1860588	1871341	10754
negative_113_17	2116734	2125867	9134