islandpick_16_1	239229	250122	10894
islandpick_16_2	1399961	1414288	14328
islandpick_16_3	1437189	1448314	11126
islandpick_16_4	1701183	1709444	8262
islandpick_16_5	2172995	2221099	48105
islandpick_16_6	3328173	3341172	13000
islandpick_16_7	3372993	3397394	24402
negative_16_1	109263	121710	12448
negative_16_2	174945	183634	8690
negative_16_3	185997	210248	24252
negative_16_4	487234	498292	11059
negative_16_5	717604	733227	15624
negative_16_6	742199	750906	8708
negative_16_7	773385	784842	11458
negative_16_8	791290	800548	9259
negative_16_9	863916	876289	12374
negative_16_10	975637	989138	13502
negative_16_11	1026942	1052915	25974
negative_16_12	1083405	1093508	10104
negative_16_13	1365460	1376934	11475
negative_16_14	1385469	1395665	10197
negative_16_15	1459496	1469393	9898
negative_16_16	1831683	1845263	13581
negative_16_17	2058246	2067078	8833
negative_16_18	2456152	2471117	14966
negative_16_19	2548521	2557180	8660
negative_16_20	2560435	2587556	27122
negative_16_21	2599155	2608785	9631
negative_16_22	2686199	2694333	8135
negative_16_23	2786009	2795394	9386
negative_16_24	2804229	2814181	9953
negative_16_25	3298546	3308535	9990
negative_16_26	3637771	3655654	17884
negative_16_27	3718579	3733458	14880
negative_16_28	3765554	3783170	17617
negative_16_29	3799221	3811605	12385
negative_16_30	3831741	3845331	13591
negative_16_31	3881614	3893026	11413
negative_16_32	4109618	4120991	11374
negative_16_33	4237354	4258509	21156
negative_16_34	4375112	4385113	10002
negative_16_35	4446849	4454947	8099
negative_16_36	4512131	4526926	14796
negative_16_37	4724309	4740000	15692
negative_16_38	4945464	4960667	15204
negative_16_39	80538	90422	9885
negative_16_40	97576	109247	11672