islandpick_72_1	3435860	3453734	17875
islandpick_72_2	3663451	3673934	10484
negative_72_1	72	82072	82001
negative_72_2	92627	156268	63642
negative_72_3	156418	165443	9026
negative_72_4	182805	191325	8521
negative_72_5	239133	262079	22947
negative_72_6	264036	272989	8954
negative_72_7	312290	324389	12100
negative_72_8	326216	336898	10683
negative_72_9	390072	400388	10317
negative_72_10	423759	435240	11482
negative_72_11	449327	458602	9276
negative_72_12	459129	467431	8303
negative_72_13	499440	515071	15632
negative_72_14	663135	673632	10498
negative_72_15	739283	757242	17960
negative_72_16	842785	855284	12500
negative_72_17	1116736	1126033	9298
negative_72_18	1126753	1135452	8700
negative_72_19	1147449	1156150	8702
negative_72_20	1156346	1187648	31303
negative_72_21	1270297	1294919	24623
negative_72_22	1295429	1304544	9116
negative_72_23	1304880	1313780	8901
negative_72_24	1353336	1363343	10008
negative_72_25	1377833	1415373	37541
negative_72_26	1426357	1434678	8322
negative_72_27	1442654	1493914	51261
negative_72_28	1511139	1520473	9335
negative_72_29	1536190	1546611	10422
negative_72_30	1593042	1601340	8299
negative_72_31	1608883	1618419	9537
negative_72_32	1633707	1643860	10154
negative_72_33	1960106	1970675	10570
negative_72_34	1971479	1982907	11429
negative_72_35	2123709	2137521	13813
negative_72_36	2173001	2185301	12301
negative_72_37	2212553	2227750	15198
negative_72_38	2236663	2251670	15008
negative_72_39	2430531	2439631	9101
negative_72_40	3341537	3356882	15346
negative_72_41	3592357	3624745	32389
negative_72_42	3673993	3751706	77714
negative_72_43	3759490	3816332	56843
negative_72_44	3816373	3839356	22984
negative_72_45	3839899	3869552	29654
negative_72_46	3874424	3889111	14688
negative_72_47	3904102	3946186	42085
negative_72_48	3947365	3963655	16291
negative_72_49	3966093	3988682	22590
negative_72_50	3993084	4003266	10183
negative_72_51	4025803	4039087	13285
negative_72_52	4045965	4067597	21633
negative_72_53	4084523	4096117	11595
negative_72_54	4107317	4160426	53110
negative_72_55	4160432	4189310	28879
negative_72_56	4222164	4242062	19899
negative_72_57	4248087	4258808	10722
negative_72_58	4267163	4276424	9262
negative_72_59	4276844	4295381	18538
negative_72_60	4302444	4311512	9069
negative_72_61	4312255	4321965	9711
negative_72_62	4336619	4346672	10054
negative_72_63	4400302	4409525	9224
negative_72_64	4409575	4430528	20954
negative_72_65	4431229	4444897	13669
negative_72_66	4454362	4463684	9323
negative_72_67	4516373	4533082	16710
negative_72_68	4667313	4678375	11063
negative_72_69	4679170	4689014	9845
negative_72_70	4700865	4718198	17334
negative_72_71	4795007	4806898	11892
negative_72_72	4890534	4899472	8939
negative_72_73	4901619	4918141	16523
negative_72_74	4933282	4947557	14276
negative_72_75	4985652	4999795	14144
negative_72_76	5046837	5064415	17579
negative_72_77	5067480	5082982	15503
negative_72_78	5091617	5111689	20073
negative_72_79	5133926	5145924	11999
negative_72_80	5145933	5154516	8584
negative_72_81	5204648	5216221	11574
negative_72_82	5234336	5262358	28023