islandpick_60_1	656347	668193	11847
islandpick_60_2	1174647	1194550	19904
islandpick_60_3	2084661	2122889	38229
islandpick_60_4	2240189	2249745	9557
islandpick_60_5	2327487	2336922	9436
islandpick_60_6	2338858	2353094	14237
islandpick_60_7	2494720	2509929	15210
islandpick_60_8	2733623	2749042	15420
islandpick_60_9	3388775	3397371	8597
negative_60_1	208020	238586	30567
negative_60_2	719870	728697	8828
negative_60_3	1384426	1394520	10095
negative_60_4	2012164	2023157	10994
negative_60_5	4060205	4069203	8999
negative_60_6	4774661	4785841	11181