islandpick_74_1	1703711	1714688	10978
islandpick_74_2	1722677	1733060	10384
islandpick_74_3	1736043	1757046	21004
islandpick_74_4	1760788	1770102	9315
islandpick_74_5	2795090	2809572	14483
islandpick_74_6	3815686	3827611	11926
islandpick_74_7	3827667	3843032	15366
islandpick_74_8	3861716	3880469	18754
islandpick_74_9	3986249	4005570	19322
islandpick_74_10	4026137	4035269	9133
islandpick_74_11	4187670	4211784	24115
islandpick_74_12	4390209	4400274	10066
islandpick_74_13	4412195	4426463	14269
islandpick_74_14	4692955	4703710	10756
islandpick_74_15	4708110	4720844	12735
islandpick_74_16	4817155	4845662	28508
islandpick_74_17	4848095	4869672	21578
islandpick_74_18	5433333	5447894	14562
islandpick_74_19	5460061	5470767	10707
negative_74_1	704	11725	11022
negative_74_2	13462	26784	13323
negative_74_3	65230	76391	11162
negative_74_4	514170	525676	11507
negative_74_5	983529	994586	11058
negative_74_6	1077874	1086538	8665
negative_74_7	1087335	1095806	8472
negative_74_8	1261120	1270602	9483
negative_74_9	1553034	1571437	18404
negative_74_10	1595968	1604211	8244
negative_74_11	1626204	1646649	20446
negative_74_12	1647008	1656230	9223
negative_74_13	1657204	1668690	11487
negative_74_14	1781675	1797127	15453
negative_74_15	2061873	2071417	9545
negative_74_16	2077582	2090699	13118
negative_74_17	2092493	2100934	8442
negative_74_18	2176379	2191753	15375
negative_74_19	2193015	2203674	10660
negative_74_20	2292876	2301788	8913
negative_74_21	2411212	2420717	9506
negative_74_22	2549357	2563341	13985
negative_74_23	2610814	2620112	9299
negative_74_24	2620773	2630179	9407
negative_74_25	2640548	2654396	13849
negative_74_26	2662594	2671381	8788
negative_74_27	2748552	2758424	9873
negative_74_28	2886275	2897374	11100
negative_74_29	2908242	2917353	9112
negative_74_30	2982943	2994433	11491
negative_74_31	3040004	3051472	11469
negative_74_32	3246676	3257455	10780
negative_74_33	3260430	3269751	9322
negative_74_34	3292198	3306134	13937
negative_74_35	3647021	3665766	18746
negative_74_36	3725613	3735189	9577
negative_74_37	3884445	3900580	16136
negative_74_38	3928058	3949199	21142
negative_74_39	3949262	3959803	10542
negative_74_40	4111795	4123438	11644
negative_74_41	4642423	4654206	11784
negative_74_42	4754471	4763034	8564
negative_74_43	4778150	4787603	9454
negative_74_44	4879163	4889876	10714
negative_74_45	5006260	5018049	11790
negative_74_46	5037752	5059682	21931
negative_74_47	5393730	5407788	14059
negative_74_48	5477746	5487328	9583
negative_74_49	5558966	5567494	8529
negative_74_50	5568788	5577938	9151
negative_74_51	5715040	5724794	9755
negative_74_52	5907437	5916068	8632
negative_74_53	5984017	5995183	11167
negative_74_54	6041818	6061380	19563
negative_74_55	6129127	6137779	8653
negative_74_56	6158955	6169080	10126
negative_74_57	6216220	6226100	9881
negative_74_58	6229970	6239568	9599
negative_74_59	6239572	6258174	18603
negative_74_60	6462743	6470923	8181
negative_74_61	6487667	6500290	12624
negative_74_62	6500679	6510848	10170
negative_74_63	6618356	6636602	18247