islandpick_90_1	1097279	1113909	16631
negative_90_1	15688	24442	8755
negative_90_2	548674	563078	14405
negative_90_3	600455	633693	33239
negative_90_4	855068	868243	13176
negative_90_5	1165166	1175304	10139
negative_90_6	1194762	1206299	11538
negative_90_7	1244794	1254967	10174
negative_90_8	1367723	1387432	19710
negative_90_9	1622756	1633773	11018
negative_90_10	1710320	1719248	8929
negative_90_11	1735788	1745917	10130
negative_90_12	1792997	1807024	14028
negative_90_13	1831127	1841072	9946
negative_90_14	1858398	1868307	9910
negative_90_15	2049714	2058226	8513
negative_90_16	2090710	2098790	8081
negative_90_17	2200747	2214544	13798
negative_90_18	2261448	2273701	12254
negative_90_19	2280651	2290000	9350
negative_90_20	2394236	2409444	15209