islandpick_33_1	1295405	1305522	10118
islandpick_33_2	1420244	1428740	8497
negative_33_1	1	8321	8321
negative_33_2	9320	17452	8133
negative_33_3	20213	32357	12145
negative_33_4	42451	53413	10963
negative_33_5	58730	67019	8290
negative_33_6	287082	299422	12341
negative_33_7	302664	323339	20676
negative_33_8	363579	376684	13106
negative_33_9	384972	401172	16201
negative_33_10	450917	463469	12553
negative_33_11	529763	552053	22291
negative_33_12	554022	567780	13759
negative_33_13	603975	619754	15780
negative_33_14	696281	708430	12150
negative_33_15	708774	718050	9277
negative_33_16	718249	727480	9232
negative_33_17	782224	790897	8674
negative_33_18	819430	829300	9871
negative_33_19	830396	842787	12392
negative_33_20	977675	986211	8537
negative_33_21	1006654	1017373	10720
negative_33_22	1141848	1154214	12367
negative_33_23	1154679	1172122	17444
negative_33_24	1240883	1255448	14566
negative_33_25	1362621	1374243	11623
negative_33_26	1436171	1447532	11362
negative_33_27	1473286	1484618	11333
negative_33_28	1537507	1549790	12284
negative_33_29	1867451	1886105	18655
negative_33_30	1896720	1905634	8915
negative_33_31	1908702	1924470	15769
negative_33_32	2043583	2052437	8855
negative_33_33	2069381	2080430	11050
negative_33_34	2366123	2376825	10703
negative_33_35	2514554	2536241	21688
negative_33_36	2536785	2547973	11189
negative_33_37	2575500	2585763	10264
negative_33_38	2686621	2696552	9932
negative_33_39	2707049	2720435	13387
negative_33_40	2934193	2946645	12453
negative_33_41	3023699	3033567	9869
negative_33_42	3055484	3079840	24357
negative_33_43	3206483	3216626	10144
negative_33_44	3224763	3235021	10259
negative_33_45	3273417	3284215	10799
negative_33_46	3423359	3439946	16588
negative_33_47	3519567	3530633	11067
negative_33_48	3621548	3633159	11612
negative_33_49	3633254	3658456	25203
negative_33_50	3671979	3681139	9161
negative_33_51	3798288	3816058	17771
negative_33_52	3898702	3911188	12487
negative_33_53	3975454	3985673	10220
negative_33_54	4053280	4063350	10071
negative_33_55	4208022	4217273	9252
negative_33_56	4232070	4240398	8329
negative_33_57	4240710	4250348	9639
negative_33_58	4300805	4309137	8333
negative_33_59	4398427	4410115	11689
negative_33_60	4484340	4500972	16633