islandpick_96_1	449143	458925	9783
islandpick_96_2	471502	488656	17155
islandpick_96_3	848939	862182	13244
islandpick_96_4	1319917	1345962	26046
islandpick_96_5	1361247	1372212	10966
islandpick_96_6	2318804	2372543	53740
islandpick_96_7	2393568	2406317	12750
islandpick_96_8	2434858	2444520	9663
islandpick_96_9	3407598	3417795	10198
islandpick_96_10	3789921	3834510	44590
islandpick_96_11	4555015	4596581	41567
islandpick_96_12	4610018	4618538	8521
islandpick_96_13	4938625	4953164	14540
islandpick_96_14	5014526	5034239	19714
islandpick_96_15	5393474	5403648	10175
islandpick_96_16	6423673	6437722	14050
islandpick_96_17	6575207	6584433	9227
islandpick_96_18	6625900	6645961	20062
islandpick_96_19	6661424	6670865	9442
islandpick_96_20	7321328	7331644	10317
islandpick_96_21	7333118	7357384	24267
islandpick_96_22	7358038	7394513	36476
negative_96_1	44090	52996	8907
negative_96_2	83622	102238	18617
negative_96_3	103752	114443	10692
negative_96_4	396947	410362	13416
negative_96_5	3278256	3287747	9492