islandpick_114_1	289660	297702	8043
islandpick_114_2	2754151	2766805	12655
islandpick_114_3	4507810	4516496	8687
islandpick_114_4	4517263	4530588	13326
negative_114_1	89076	97129	8054
negative_114_2	100193	112239	12047
negative_114_3	197834	209266	11433
negative_114_4	432161	445976	13816
negative_114_5	451091	459971	8881
negative_114_6	661388	674724	13337
negative_114_7	753909	763971	10063
negative_114_8	770653	779866	9214
negative_114_9	959894	968439	8546
negative_114_10	972385	981514	9130
negative_114_11	1145117	1155462	10346
negative_114_12	1294545	1304540	9996
negative_114_13	1753720	1761782	8063
negative_114_14	2267336	2276852	9517
negative_114_15	2388377	2396620	8244
negative_114_16	2426203	2435874	9672
negative_114_17	2953832	2969135	15304
negative_114_18	3304310	3316334	12025
negative_114_19	3433995	3451367	17373
negative_114_20	3926228	3936284	10057
negative_114_21	4173680	4187601	13922
negative_114_22	4397768	4407607	9840