islandpick_63_1	1059946	1070762	10817
islandpick_63_2	1674463	1684645	10183
islandpick_63_3	1689289	1700396	11108
islandpick_63_4	1721902	1751002	29101
islandpick_63_5	1838596	1874376	35781
islandpick_63_6	2324632	2333786	9155
islandpick_63_7	2341243	2365709	24467
islandpick_63_8	2568318	2593578	25261
islandpick_63_9	2890760	2903574	12815
islandpick_63_10	3470583	3488125	17543
islandpick_63_11	3495458	3506036	10579
islandpick_63_12	3521385	3530379	8995
islandpick_63_13	3533133	3546898	13766
islandpick_63_14	3547199	3560163	12965
islandpick_63_15	3780691	3799066	18376
islandpick_63_16	4673597	4685836	12240
islandpick_63_17	4991621	5003291	11671
islandpick_63_18	5003472	5016608	13137
negative_63_1	316520	331417	14898
negative_63_2	436781	446732	9952
negative_63_3	659565	668631	9067
negative_63_4	716864	726343	9480
negative_63_5	760583	770938	10356
negative_63_6	4469419	4478698	9280
negative_63_7	4538314	4547719	9406
negative_63_8	4560237	4569721	9485
negative_63_9	4749376	4757564	8189