islandpick_110_1	547958	558752	10795
islandpick_110_2	2490210	2500595	10386
islandpick_110_3	2532556	2543040	10485
islandpick_110_4	2831186	2843435	12250
negative_110_1	76110	85197	9088
negative_110_2	105681	120997	15317
negative_110_3	181271	195826	14556
negative_110_4	243877	259285	15409
negative_110_5	267579	281596	14018
negative_110_6	286192	303292	17101
negative_110_7	303584	313918	10335
negative_110_8	345309	375555	30247
negative_110_9	419463	429238	9776
negative_110_10	479238	495606	16369
negative_110_11	495623	511867	16245
negative_110_12	558760	568299	9540
negative_110_13	568418	582812	14395
negative_110_14	611829	628672	16844
negative_110_15	637526	655083	17558
negative_110_16	676940	685028	8089
negative_110_17	709537	722565	13029
negative_110_18	726403	746685	20283
negative_110_19	751705	762280	10576
negative_110_20	804582	815470	10889
negative_110_21	857995	875347	17353
negative_110_22	876854	886551	9698
negative_110_23	920009	928235	8227
negative_110_24	947055	956312	9258
negative_110_25	1000944	1009965	9022
negative_110_26	1036612	1046137	9526
negative_110_27	1072077	1081396	9320
negative_110_28	1081574	1091340	9767
negative_110_29	1104720	1140515	35796
negative_110_30	1809237	1818495	9259
negative_110_31	1908381	1919296	10916
negative_110_32	1924412	1936725	12314
negative_110_33	1940374	1951144	10771
negative_110_34	1960883	1972849	11967
negative_110_35	2203269	2226680	23412
negative_110_36	2360779	2370317	9539
negative_110_37	2375775	2409302	33528
negative_110_38	2410727	2423289	12563
negative_110_39	2460515	2483857	23343
negative_110_40	2570749	2578973	8225
negative_110_41	2640412	2649230	8819
negative_110_42	2703403	2717110	13708
negative_110_43	2739040	2748722	9683
negative_110_44	2804710	2812721	8012
negative_110_45	2866510	2889438	22929
negative_110_46	2890229	2899735	9507
negative_110_47	2904793	2914520	9728
negative_110_48	2936207	2946052	9846
negative_110_49	3013297	3030825	17529
negative_110_50	3039292	3057294	18003
negative_110_51	3082087	3105794	23708
negative_110_52	3115452	3136225	20774
negative_110_53	3291597	3302261	10665
negative_110_54	3308181	3316990	8810
negative_110_55	3387569	3403161	15593
negative_110_56	3403468	3414174	10707