islandpick_40_1	288290	297901	9612
islandpick_40_2	1801156	1811032	9877
islandpick_40_3	1924272	1941371	17100
islandpick_40_4	2474709	2486276	11568
islandpick_40_5	2847774	2861015	13242
islandpick_40_6	2926971	2936879	9909
islandpick_40_7	3778540	3794412	15873
islandpick_40_8	4313536	4326917	13382
islandpick_40_9	4860218	4872744	12527
islandpick_40_10	4873469	4891796	18328
islandpick_40_11	5347270	5355678	8409
negative_40_1	728139	739507	11369
negative_40_2	739865	773441	33577
negative_40_3	1051491	1063443	11953
negative_40_4	1253075	1261944	8870
negative_40_5	1459730	1469344	9615
negative_40_6	1479932	1489278	9347
negative_40_7	2235058	2250462	15405
negative_40_8	4049032	4063490	14459
negative_40_9	5103287	5121117	17831
negative_40_10	5144974	5159888	14915
negative_40_11	5505132	5513761	8630
negative_40_12	5574508	5585036	10529
negative_40_13	5595471	5609902	14432
negative_40_14	5937742	5947320	9579