islandpick_13_1	784075	793520	9446
islandpick_13_2	814673	824227	9555
negative_13_1	4593	25702	21110
negative_13_2	145817	157255	11439
negative_13_3	198860	208739	9880
negative_13_4	253455	273245	19791
negative_13_5	327282	338109	10828
negative_13_6	338567	351490	12924
negative_13_7	377578	391757	14180
negative_13_8	451744	463076	11333
negative_13_9	463080	473984	10905
negative_13_10	552663	563471	10809
negative_13_11	1231928	1251601	19674
negative_13_12	1373236	1381749	8514
negative_13_13	1413822	1422962	9141
negative_13_14	1428811	1439167	10357
negative_13_15	1441351	1449899	8549
negative_13_16	1516642	1527818	11177
negative_13_17	1539998	1550147	10150
negative_13_18	1596774	1618338	21565
negative_13_19	1634177	1648723	14547
negative_13_20	1691621	1710960	19340
negative_13_21	1717451	1727228	9778
negative_13_22	1775277	1784970	9694
negative_13_23	1789119	1797959	8841
negative_13_24	1800117	1808606	8490