islandpick_26_1	472370	483188	10819
islandpick_26_2	3762576	3772470	9895
islandpick_26_3	4841878	4858512	16635
negative_26_1	373	82209	81837
negative_26_2	87059	150653	63595
negative_26_3	150804	159739	8936
negative_26_4	184497	192843	8347
negative_26_5	237606	260501	22896
negative_26_6	262457	272911	10455
negative_26_7	295230	307139	11910
negative_26_8	308550	319278	10729
negative_26_9	370323	380768	10446
negative_26_10	403991	415800	11810
negative_26_11	429240	438285	9046
negative_26_12	438792	447088	8297
negative_26_13	516081	531614	15534
negative_26_14	678081	688565	10485
negative_26_15	752260	770222	17963
negative_26_16	859072	871216	12145
negative_26_17	1110640	1119705	9066
negative_26_18	1119710	1128411	8702
negative_26_19	1138035	1146763	8729
negative_26_20	1146954	1177923	30970
negative_26_21	1253076	1266608	13533
negative_26_22	1267117	1276232	9116
negative_26_23	1276568	1285467	8900
negative_26_24	1316071	1326058	9988
negative_26_25	1339596	1377059	37464
negative_26_26	1387386	1395611	8226
negative_26_27	1404893	1455110	50218
negative_26_28	1471521	1480852	9332
negative_26_29	1497581	1507998	10418
negative_26_30	1565287	1573418	8132
negative_26_31	1580925	1594644	13720
negative_26_32	1608065	1618052	9988
negative_26_33	1918319	1928919	10601
negative_26_34	1929715	1940861	11147
negative_26_35	2087948	2102220	14273
negative_26_36	2137927	2150017	12091
negative_26_37	2182351	2197500	15150
negative_26_38	2203661	2218619	14959
negative_26_39	2369398	2378499	9102
negative_26_40	3362542	3377836	15295
negative_26_41	3575472	3590818	15347
negative_26_42	3591145	3608044	16900
negative_26_43	3615295	3692892	77598
negative_26_44	3699548	3745742	46195
negative_26_45	3789848	3800523	10676
negative_26_46	3801733	3854377	52645
negative_26_47	3859268	3873834	14567
negative_26_48	3888617	3929608	40992
negative_26_49	3930102	3946196	16095
negative_26_50	3951498	3970836	19339
negative_26_51	3971758	3981932	10175
negative_26_52	3993897	4007180	13284
negative_26_53	4009097	4030780	21684
negative_26_54	4046090	4058479	12390
negative_26_55	4068636	4122075	53440
negative_26_56	4122081	4150746	28666
negative_26_57	4185769	4205601	19833
negative_26_58	4211422	4221921	10500
negative_26_59	4231616	4240736	9121
negative_26_60	4241153	4259636	18484
negative_26_61	4266687	4275598	8912
negative_26_62	4276338	4286047	9710
negative_26_63	4316536	4326448	9913
negative_26_64	4374596	4383778	9183
negative_26_65	4383828	4405005	21178
negative_26_66	4405843	4419397	13555
negative_26_67	4430106	4439347	9242
negative_26_68	4491784	4508561	16778
negative_26_69	4627381	4638243	10863
negative_26_70	4638258	4648061	9804
negative_26_71	4657395	4674298	16904
negative_26_72	4752062	4763979	11918
negative_26_73	4858551	4867490	8940
negative_26_74	4867673	4884139	16467
negative_26_75	4900688	4914591	13904
negative_26_76	4956033	4969897	13865
negative_26_77	5014530	5031740	17211
negative_26_78	5034387	5049638	15252
negative_26_79	5051949	5077125	25177
negative_26_80	5099820	5111842	12023
negative_26_81	5112040	5120841	8802
negative_26_82	5170756	5182616	11861
negative_26_83	5199186	5227302	28117