islandpick_41_1	411634	425271	13638
negative_41_1	1519463	1528953	9491
negative_41_2	1548338	1560155	11818
negative_41_3	1571085	1581570	10486
negative_41_4	1587140	1597521	10382
negative_41_5	1601091	1617352	16262
negative_41_6	1640897	1649088	8192
negative_41_7	1673722	1683038	9317
negative_41_8	1689836	1698148	8313
negative_41_9	2401194	2436986	35793
negative_41_10	2450585	2460624	10040
negative_41_11	2461369	2470639	9271
negative_41_12	2492321	2507992	15672
negative_41_13	2534794	2543092	8299
negative_41_14	2594645	2603849	9205
negative_41_15	2625465	2637696	12232
negative_41_16	2672982	2682744	9763
negative_41_17	2684336	2701906	17571
negative_41_18	2748491	2759477	10987
negative_41_19	2801316	2813211	11896
negative_41_20	2821212	2837984	16773
negative_41_21	2848693	2861782	13090
negative_41_22	2884637	2892795	8159
negative_41_23	2907509	2924808	17300
negative_41_24	2933637	2950513	16877
negative_41_25	2998381	3012852	14472
negative_41_26	3013006	3022654	9649
negative_41_27	3053613	3069752	16140
negative_41_28	3069756	3086214	16459
negative_41_29	3245898	3256621	10724
negative_41_30	3262498	3271335	8838
negative_41_31	3379711	3395364	15654
negative_41_32	3395696	3406315	10620
negative_41_33	79438	88557	9120
negative_41_34	111819	122149	10331
negative_41_35	122212	132487	10276
negative_41_36	213090	225806	12717
negative_41_37	280870	296941	16072
negative_41_38	306226	324729	18504
negative_41_39	325066	352877	27812
negative_41_40	381229	411579	30351
negative_41_41	509058	530580	21523
negative_41_42	540365	563107	22743
negative_41_43	563143	576072	12930
negative_41_44	580859	594226	13368
negative_41_45	602744	620280	17537
negative_41_46	682776	692496	9721
negative_41_47	712793	722498	9706
negative_41_48	748893	761281	12389
negative_41_49	780125	788140	8016
negative_41_50	835702	845408	9707
negative_41_51	872177	885921	13745
negative_41_52	924470	933248	8779
negative_41_53	1007629	1030909	23281
negative_41_54	1067150	1079748	12599
negative_41_55	1082597	1116263	33667
negative_41_56	1125787	1133951	8165
negative_41_57	1301820	1325356	23537