islandpick_6_1	110986	122080	11095
negative_6_1	2102695	2115722	13028
negative_6_2	2194349	2202743	8395
negative_6_3	2349773	2364714	14942
negative_6_4	2374299	2402370	28072
negative_6_5	2423019	2435331	12313
negative_6_6	2440587	2448632	8046
negative_6_7	2615711	2637212	21502
negative_6_8	2640352	2663881	23530
negative_6_9	2799973	2811801	11829
negative_6_10	2859836	2876940	17105
negative_6_11	389692	400300	10609
negative_6_12	506819	515976	9158
negative_6_13	636996	649701	12706
negative_6_14	679349	697997	18649
negative_6_15	714262	731562	17301
negative_6_16	731747	753338	21592
negative_6_17	802118	820348	18231
negative_6_18	834645	848959	14315
negative_6_19	867103	880038	12936
negative_6_20	1010462	1019865	9404
negative_6_21	1026245	1035228	8984
negative_6_22	1073820	1083204	9385
negative_6_23	1132909	1145706	12798
negative_6_24	1159300	1170519	11220
negative_6_25	1185257	1196665	11409
negative_6_26	1288354	1301260	12907
negative_6_27	1326600	1335143	8544
negative_6_28	1455047	1467741	12695
negative_6_29	1480823	1489994	9172
negative_6_30	1510570	1524478	13909
negative_6_31	1666154	1674669	8516
negative_6_32	1965807	1978253	12447
negative_6_33	2060285	2070524	10240