islandpick_50_1	1128886	1139973	11088
islandpick_50_2	1472577	1481533	8957
islandpick_50_3	1632747	1642058	9312
islandpick_50_4	1643578	1653811	10234
islandpick_50_5	1658594	1686604	28011
islandpick_50_6	1746582	1758323	11742
islandpick_50_7	1945714	1963089	17376
islandpick_50_8	1965518	1996774	31257
islandpick_50_9	2148370	2172143	23774
islandpick_50_10	2185399	2193822	8424
islandpick_50_11	2569947	2591636	21690
islandpick_50_12	2602765	2612840	10076
islandpick_50_13	3001487	3009520	8034
negative_50_1	221078	235502	14425
negative_50_2	404678	415423	10746
negative_50_3	418585	429109	10525
negative_50_4	582021	591137	9117
negative_50_5	721774	735642	13869
negative_50_6	892706	905292	12587
negative_50_7	1233203	1243814	10612
negative_50_8	1360626	1370345	9720
negative_50_9	3242751	3256972	14222
negative_50_10	3465026	3479858	14833
negative_50_11	3531986	3544776	12791
negative_50_12	3718143	3729174	11032