islandpick_93_1	1538737	1559415	20679
islandpick_93_2	2759629	2768828	9200
islandpick_93_3	3528870	3538948	10079
islandpick_93_4	3539124	3549058	9935
islandpick_93_5	4409569	4428221	18653
islandpick_93_6	4436017	4460911	24895
islandpick_93_7	4460928	4474851	13924
islandpick_93_8	4510151	4518993	8843
islandpick_93_9	4519045	4536621	17577
islandpick_93_10	4696670	4705392	8723
islandpick_93_11	4706310	4716575	10266
negative_93_1	100538	109031	8494
negative_93_2	118654	130430	11777
negative_93_3	130477	140791	10315
negative_93_4	140829	163065	22237
negative_93_5	246480	270885	24406
negative_93_6	490858	503800	12943
negative_93_7	521328	530730	9403
negative_93_8	703168	721349	18182
negative_93_9	770733	782660	11928
negative_93_10	784287	793550	9264
negative_93_11	855091	863854	8764
negative_93_12	900178	908643	8466
negative_93_13	945423	956495	11073
negative_93_14	978509	995264	16756
negative_93_15	1259838	1269823	9986
negative_93_16	1280959	1288980	8022
negative_93_17	1288986	1300111	11126
negative_93_18	2283571	2293150	9580
negative_93_19	2317903	2330622	12720
negative_93_20	2379379	2406538	27160
negative_93_21	2429161	2439803	10643
negative_93_22	2443462	2452351	8890
negative_93_23	2616170	2624839	8670
negative_93_24	2639580	2649456	9877
negative_93_25	2669806	2679377	9572
negative_93_26	3000848	3009367	8520
negative_93_27	3061741	3071789	10049
negative_93_28	3074659	3085752	11094
negative_93_29	3104612	3115437	10826
negative_93_30	3201873	3211612	9740
negative_93_31	3300587	3314451	13865
negative_93_32	3324708	3335556	10849
negative_93_33	3436602	3445705	9104
negative_93_34	3479596	3487974	8379
negative_93_35	3489954	3499280	9327
negative_93_36	3565157	3574922	9766
negative_93_37	3576950	3591469	14520
negative_93_38	3726301	3740460	14160
negative_93_39	3762834	3775754	12921
negative_93_40	4110310	4125235	14926
negative_93_41	4135851	4147015	11165
negative_93_42	4176223	4194173	17951
negative_93_43	4206339	4216844	10506
negative_93_44	4232886	4248187	15302
negative_93_45	4573111	4588646	15536