islandpick_31_1	2160521	2170435	9915
negative_31_1	71456	80583	9128
negative_31_2	81764	90801	9038
negative_31_3	197237	209968	12732
negative_31_4	273319	288639	15321
negative_31_5	298057	312087	14031
negative_31_6	316689	342560	25872
negative_31_7	372885	403381	30497
negative_31_8	512350	534213	21864
negative_31_9	534250	547177	12928
negative_31_10	547322	568570	21249
negative_31_11	573848	591381	17534
negative_31_12	652002	661717	9716
negative_31_13	668729	680663	11935
negative_31_14	680672	690367	9696
negative_31_15	719039	731416	12378
negative_31_16	756572	764586	8015
negative_31_17	812362	822089	9728
negative_31_18	856371	870134	13764
negative_31_19	909763	918540	8778
negative_31_20	1003463	1017622	14160
negative_31_21	1017635	1032395	14761
negative_31_22	1062973	1075578	12606
negative_31_23	1080993	1110679	29687
negative_31_24	1120020	1128187	8168
negative_31_25	1275477	1299100	23624
negative_31_26	1489012	1500827	11816
negative_31_27	1511442	1522222	10781
negative_31_28	1527798	1538180	10383
negative_31_29	1549056	1558047	8992
negative_31_30	2507997	2534094	26098
negative_31_31	2534121	2543867	9747
negative_31_32	2557447	2567250	9804
negative_31_33	2567268	2576540	9273
negative_31_34	2602979	2614927	11949
negative_31_35	2640571	2648754	8184
negative_31_36	2745643	2757875	12233
negative_31_37	2792017	2801710	9694
negative_31_38	2803302	2820921	17620
negative_31_39	2865946	2876767	10822
negative_31_40	2937860	2954551	16692
negative_31_41	2965445	2978630	13186
negative_31_42	3002835	3011038	8204
negative_31_43	3040459	3050697	10239
negative_31_44	3059546	3076380	16835
negative_31_45	3136301	3160510	24210
negative_31_46	3190510	3206518	16009
negative_31_47	3206522	3218597	12076
negative_31_48	3379364	3390125	10762
negative_31_49	3396089	3404924	8836
negative_31_50	3493640	3509047	15408
negative_31_51	3509379	3520001	10623