islandpick_54_1	797912	808455	10544
islandpick_54_2	1555036	1564268	9233
islandpick_54_3	1717352	1764564	47213
islandpick_54_4	1781046	1791894	10849
islandpick_54_5	1791911	1809910	18000
islandpick_54_6	1835656	1848039	12384
islandpick_54_7	2353921	2375431	21511
islandpick_54_8	2375477	2386562	11086
islandpick_54_9	2419343	2428357	9015
islandpick_54_10	2445816	2457133	11318
islandpick_54_11	2478232	2486739	8508
islandpick_54_12	3566114	3579705	13592
islandpick_54_13	3978605	4000133	21529
islandpick_54_14	4000273	4018248	17976
negative_54_1	74060	85245	11186
negative_54_2	190145	199896	9752
negative_54_3	211405	222482	11078
negative_54_4	231123	247298	16176
negative_54_5	372415	388603	16189
negative_54_6	459001	468255	9255
negative_54_7	471278	482355	11078
negative_54_8	666803	679276	12474
negative_54_9	679582	695550	15969
negative_54_10	762384	771998	9615
negative_54_11	772480	787081	14602
negative_54_12	873760	890860	17101
negative_54_13	899903	912279	12377
negative_54_14	939644	948713	9070
negative_54_15	1017602	1031185	13584
negative_54_16	1037449	1052840	15392
negative_54_17	1116563	1128023	11461
negative_54_18	1173035	1188955	15921
negative_54_19	1191848	1201724	9877
negative_54_20	1238324	1251055	12732
negative_54_21	1360383	1369946	9564
negative_54_22	1401269	1418715	17447
negative_54_23	1450502	1460348	9847
negative_54_24	1461098	1471374	10277
negative_54_25	1489418	1499204	9787
negative_54_26	1502969	1525502	22534
negative_54_27	1534319	1543850	9532
negative_54_28	1687975	1711927	23953
negative_54_29	2055316	2067203	11888
negative_54_30	2080749	2093230	12482
negative_54_31	2096442	2107045	10604
negative_54_32	3179868	3190423	10556
negative_54_33	3193512	3220254	26743
negative_54_34	3229092	3241481	12390
negative_54_35	3282277	3296858	14582
negative_54_36	3302160	3311029	8870
negative_54_37	3312236	3320771	8536
negative_54_38	3387643	3396452	8810
negative_54_39	3628314	3652107	23794
negative_54_40	3687024	3697319	10296
negative_54_41	3720170	3730476	10307
negative_54_42	3766302	3778351	12050
negative_54_43	3797112	3814843	17732
negative_54_44	3819733	3836125	16393
negative_54_45	3841595	3855062	13468
negative_54_46	3855388	3877176	21789
negative_54_47	4018304	4038773	20470
negative_54_48	4039171	4048940	9770
negative_54_49	4079201	4104620	25420
negative_54_50	4110173	4124837	14665
negative_54_51	8283	24286	16004