islandpick_77_1	955639	970305	14667
islandpick_77_2	1123777	1135740	11964
islandpick_77_3	2283082	2291894	8813
islandpick_77_4	4896420	4906791	10372
islandpick_77_5	4910929	4941189	30261
negative_77_1	85480	95365	9886
negative_77_2	102519	114187	11669
negative_77_3	114191	126652	12462
negative_77_4	183797	193303	9507
negative_77_5	194813	218763	23951
negative_77_6	464207	472775	8569
negative_77_7	480387	491446	11060
negative_77_8	693570	705265	11696
negative_77_9	719964	728599	8636
negative_77_10	738068	749525	11458
negative_77_11	764012	776200	12189
negative_77_12	1321077	1329457	8381
negative_77_13	1337145	1348888	11744
negative_77_14	1352987	1365542	12556
negative_77_15	1425874	1433920	8047
negative_77_16	1498292	1507172	8881
negative_77_17	1543428	1552325	8898
negative_77_18	1875300	1885145	9846
negative_77_19	1913677	1923843	10167
negative_77_20	1931190	1942408	11219
negative_77_21	2172737	2182694	9958
negative_77_22	2200446	2226228	25783
negative_77_23	2247611	2261119	13509
negative_77_24	2353521	2368488	14968
negative_77_25	2463043	2471702	8660
negative_77_26	2476782	2504178	27397
negative_77_27	2515601	2525536	9936
negative_77_28	2527259	2535924	8666
negative_77_29	2619170	2627315	8146
negative_77_30	2729006	2740963	11958
negative_77_31	2749791	2759596	9806
negative_77_32	3123945	3137182	13238
negative_77_33	3170309	3180298	9990
negative_77_34	3527347	3545106	17760
negative_77_35	3557193	3565516	8324
negative_77_36	3615420	3630299	14880
negative_77_37	3662976	3680592	17617
negative_77_38	3723843	3737854	14012
negative_77_39	3774519	3783014	8496
negative_77_40	3796178	3808306	12129
negative_77_41	4031703	4043126	11424
negative_77_42	4195216	4216411	21196
negative_77_43	4254133	4262519	8387
negative_77_44	4344681	4354682	10002
negative_77_45	4458040	4466133	8094
negative_77_46	4522696	4535030	12335
negative_77_47	4560627	4570519	9893
negative_77_48	4736850	4752657	15808