islandpick_59_1	1063758	1120860	57103
negative_59_1	16562	29755	13194
negative_59_2	34300	45358	11059
negative_59_3	53832	62511	8680
negative_59_4	63151	78884	15734
negative_59_5	88775	108403	19629
negative_59_6	252139	263014	10876
negative_59_7	484455	496240	11786
negative_59_8	946784	958527	11744
negative_59_9	969104	985894	16791
negative_59_10	1017828	1026362	8535
negative_59_11	1532063	1545069	13007
negative_59_12	1567629	1576002	8374
negative_59_13	1780964	1795636	14673
negative_59_14	1796638	1808882	12245
negative_59_15	1828366	1836969	8604