islandpick_102_1	1032368	1040723	8356
islandpick_102_2	2113777	2122986	9210
islandpick_102_3	2416247	2431622	15376
islandpick_102_4	2794361	2807256	12896
islandpick_102_5	3049808	3060112	10305
islandpick_102_6	3064726	3075700	10975
islandpick_102_7	3109634	3117680	8047
islandpick_102_8	3266714	3276293	9580
islandpick_102_9	3279575	3300416	20842
islandpick_102_10	3352565	3368599	16035
islandpick_102_11	3555605	3567517	11913
islandpick_102_12	4379970	4391076	11107
islandpick_102_13	4393805	4419562	25758
islandpick_102_14	4419647	4432014	12368
islandpick_102_15	5658409	5675521	17113
negative_102_1	247332	257807	10476
negative_102_2	492125	505139	13015
negative_102_3	548872	581676	32805
negative_102_4	983713	992868	9156
negative_102_5	1096604	1112359	15756
negative_102_6	1118698	1132150	13453
negative_102_7	1408019	1417703	9685
negative_102_8	1707853	1721289	13437
negative_102_9	1984428	1998384	13957
negative_102_10	4021109	4029797	8689
negative_102_11	4257096	4271879	14784
negative_102_12	4671470	4683555	12086
negative_102_13	4902263	4914159	11897
negative_102_14	4965793	4974319	8527
negative_102_15	5116473	5127833	11361
negative_102_16	5229321	5240931	11611
negative_102_17	5258451	5268454	10004
negative_102_18	5337592	5345899	8308
negative_102_19	5944154	5955606	11453