islandpick_81_1	913308	921945	8638
islandpick_81_2	2509173	2519054	9882
islandpick_81_3	2519360	2540421	21062
islandpick_81_4	848464	866567	18104
islandpick_81_5	784575	801706	17132
islandpick_81_6	807044	838053	31010
islandpick_81_7	709128	724475	15348
negative_81_1	18634	32040	13407
negative_81_2	214122	222367	8246
negative_81_3	1209818	1228585	18768
negative_81_4	1693075	1708194	15120
negative_81_5	3064346	3075016	10671
negative_81_6	3246631	3258319	11689
negative_81_7	3797076	3808134	11059
negative_81_8	4112825	4122444	9620
negative_81_9	4345800	4360009	14210
negative_81_10	4381386	4390188	8803
negative_81_11	4490875	4499808	8934
negative_81_12	4684846	4694373	9528