islandpick_3_1	149366	165398	16033
islandpick_3_2	885156	896561	11406
islandpick_3_3	1322434	1334002	11569
islandpick_3_4	3098599	3107131	8533
islandpick_3_5	3872811	3888118	15308
negative_3_1	1054519	1070439	15921
negative_3_2	1073326	1083040	9715
negative_3_3	1141236	1153943	12708
negative_3_4	1177158	1187010	9853
negative_3_5	1232050	1241877	9828
negative_3_6	1273187	1290685	17499
negative_3_7	1337697	1347509	9813
negative_3_8	1348195	1358533	10339
negative_3_9	1376493	1389477	12985
negative_3_10	1390057	1412580	22524
negative_3_11	1421407	1430938	9532
negative_3_12	1574578	1598640	24063
negative_3_13	2173460	2182622	9163
negative_3_14	2189208	2198874	9667
negative_3_15	2251832	2263399	11568
negative_3_16	2266174	2274891	8718
negative_3_17	2281581	2294060	12480
negative_3_18	2308926	2320810	11885
negative_3_19	2909748	2920303	10556
negative_3_20	2923390	2950119	26730
negative_3_21	2958957	2971314	12358
negative_3_22	3013452	3033338	19887
negative_3_23	3033401	3042313	8913
negative_3_24	3043520	3052049	8530
negative_3_25	3128726	3137542	8817
negative_3_26	3371022	3394815	23794
negative_3_27	3428166	3438517	10352
negative_3_28	3460475	3470795	10321
negative_3_29	3506640	3518672	12033
negative_3_30	3529165	3555208	26044
negative_3_31	3560089	3577328	17240
negative_3_32	3583583	3596915	13333
negative_3_33	3597242	3619943	22702
negative_3_34	3630883	3653285	22403
negative_3_35	3724913	3745377	20465
negative_3_36	3745775	3755529	9755
negative_3_37	3783475	3811207	27733
negative_3_38	3816117	3830111	13995
negative_3_39	3838549	3854504	15956
negative_3_40	3919662	3930793	11132
negative_3_41	4020611	4030985	10375
negative_3_42	4031295	4051668	20374
negative_3_43	4062558	4074244	11687
negative_3_44	8343	24591	16249
negative_3_45	182054	198361	16308
negative_3_46	210856	219288	8433
negative_3_47	268856	278147	9292
negative_3_48	281199	292296	11098
negative_3_49	472381	487913	15533
negative_3_50	488219	504187	15969
negative_3_51	571039	580644	9606
negative_3_52	581126	595728	14603
negative_3_53	716154	733243	17090
negative_3_54	742285	754677	12393
negative_3_55	781938	791116	9179
negative_3_56	898613	912197	13585
negative_3_57	918466	933828	15363
negative_3_58	941620	952699	11080
negative_3_59	997522	1008983	11462