islandpick_109_1	316791	325161	8371
islandpick_109_2	1429645	1461777	32133
islandpick_109_3	1491646	1509548	17903
islandpick_109_4	1521249	1529419	8171
islandpick_109_5	1550123	1571961	21839
islandpick_109_6	1586748	1606893	20146
islandpick_109_7	1612410	1648736	36327
islandpick_109_8	1672260	1684139	11880
islandpick_109_9	1684758	1724821	40064
islandpick_109_10	1729554	1739259	9706
negative_109_1	67213	88912	21700
negative_109_2	90786	103087	12302
negative_109_3	103223	124436	21214
negative_109_4	130333	150430	20098
negative_109_5	217516	226576	9061
negative_109_6	250199	259858	9660
negative_109_7	279802	297016	17215
negative_109_8	353207	361390	8184
negative_109_9	417693	427357	9665
negative_109_10	453893	467374	13482
negative_109_11	526797	535579	8783
negative_109_12	604652	618798	14147
negative_109_13	618833	627963	9131
negative_109_14	664735	676855	12121
negative_109_15	682242	711854	29613
negative_109_16	714510	724580	10071
negative_109_17	873881	887646	13766
negative_109_18	888038	897302	9265
negative_109_19	1080024	1091849	11826
negative_109_20	1103652	1113374	9723
negative_109_21	1117599	1129339	11741
negative_109_22	1802811	1828863	26053
negative_109_23	1828864	1838603	9740
negative_109_24	1853008	1861961	8954
negative_109_25	1862016	1871297	9282
negative_109_26	1891464	1900124	8661
negative_109_27	1934775	1943781	9007
negative_109_28	2031152	2039299	8148
negative_109_29	2073655	2083325	9671
negative_109_30	2084739	2102234	17496
negative_109_31	2145470	2156262	10793
negative_109_32	2218399	2237734	19336
negative_109_33	2246392	2259387	12996
negative_109_34	2307087	2324718	17632
negative_109_35	2333536	2350470	16935
negative_109_36	2394096	2408703	14608
negative_109_37	2408732	2418525	9794
negative_109_38	2452703	2480824	28122
negative_109_39	2644759	2656324	11566
negative_109_40	2661115	2669729	8615
negative_109_41	2715219	2723529	8311
negative_109_42	2735405	2751061	15657
negative_109_43	2751393	2762085	10693
negative_109_44	2935576	2965879	30304
negative_109_45	2997839	3023763	25925
negative_109_46	3028394	3042431	14038
negative_109_47	3058000	3067015	9016
negative_109_48	3120342	3135163	14822
negative_109_49	3249502	3270679	21178