islandpick_12_1	1866301	1875760	9460
islandpick_12_2	2548468	2561327	12860
islandpick_12_3	2828296	2838104	9809
islandpick_12_4	4102876	4113137	10262
negative_12_1	73797	86245	12449
negative_12_2	87408	97629	10222
negative_12_3	98449	120484	22036
negative_12_4	121019	129364	8346
negative_12_5	129405	138624	9220
negative_12_6	178923	187388	8466
negative_12_7	200319	224525	24207
negative_12_8	440883	451142	10260
negative_12_9	471126	482083	10958
negative_12_10	652938	661778	8841
negative_12_11	662381	673056	10676
negative_12_12	714086	725489	11404
negative_12_13	731861	741188	9328
negative_12_14	832142	841134	8993
negative_12_15	939980	953508	13529
negative_12_16	976732	996530	19799
negative_12_17	1187968	1201305	13338
negative_12_18	1412219	1421416	9198
negative_12_19	1598862	1607501	8640
negative_12_20	1965249	1973492	8244
negative_12_21	2029785	2039703	9919
negative_12_22	2226387	2236855	10469
negative_12_23	2346088	2355556	9469
negative_12_24	2460994	2488236	27243
negative_12_25	2500472	2508915	8444
negative_12_26	2757374	2767479	10106
negative_12_27	3091268	3100568	9301
negative_12_28	3118812	3129790	10979
negative_12_29	3204134	3213226	9093
negative_12_30	3215973	3226893	10921
negative_12_31	3255597	3265820	10224
negative_12_32	3476308	3495288	18981
negative_12_33	3509600	3519744	10145
negative_12_34	3608541	3626155	17615
negative_12_35	3645201	3655789	10589
negative_12_36	3679701	3693452	13752
negative_12_37	3877144	3885917	8774
negative_12_38	4084155	4096968	12814
negative_12_39	4173455	4184505	11051
negative_12_40	4232807	4241766	8960
negative_12_41	4261996	4276839	14844
negative_12_42	4333215	4341308	8094
negative_12_43	4394236	4408738	14503
negative_12_44	4618909	4631134	12226