islandpick_91_1	3390242	3398734	8493
negative_91_1	94806	104778	9973
negative_91_2	106529	116715	10187
negative_91_3	125370	142858	17489
negative_91_4	204955	224738	19784
negative_91_5	328332	336542	8211
negative_91_6	404107	421173	17067
negative_91_7	480742	494658	13917
negative_91_8	535929	548455	12527
negative_91_9	557802	570775	12974
negative_91_10	693054	701186	8133
negative_91_11	702357	726387	24031
negative_91_12	734832	748426	13595
negative_91_13	751671	766518	14848
negative_91_14	766830	776492	9663
negative_91_15	826633	834995	8363
negative_91_16	866338	875062	8725
negative_91_17	897584	907366	9783
negative_91_18	915166	927982	12817
negative_91_19	928010	937214	9205
negative_91_20	1032992	1042180	9189
negative_91_21	1067164	1080021	12858
negative_91_22	1136012	1150860	14849
negative_91_23	1151750	1162661	10912
negative_91_24	1169233	1179402	10170
negative_91_25	1182368	1194169	11802
negative_91_26	1314726	1324510	9785
negative_91_27	1330489	1345186	14698
negative_91_28	1408524	1426215	17692
negative_91_29	1475511	1487998	12488
negative_91_30	1499686	1510489	10804
negative_91_31	1529547	1540348	10802
negative_91_32	1742971	1757739	14769
negative_91_33	1764162	1780020	15859
negative_91_34	1798140	1816793	18654
negative_91_35	1931875	1943017	11143
negative_91_36	2122256	2139973	17718
negative_91_37	2148133	2157934	9802
negative_91_38	2306796	2317526	10731
negative_91_39	2354846	2363549	8704
negative_91_40	2459842	2482100	22259
negative_91_41	2482134	2493850	11717
negative_91_42	2523347	2533457	10111
negative_91_43	2761905	2774099	12195
negative_91_44	2883822	2893460	9639
negative_91_45	3028975	3040129	11155
negative_91_46	3054679	3065577	10899
negative_91_47	3095775	3105911	10137
negative_91_48	3269698	3282174	12477
negative_91_49	3326781	3335726	8946
negative_91_50	3361829	3383211	21383
negative_91_51	3417677	3429292	11616
negative_91_52	3429387	3456272	26886
negative_91_53	3621270	3638381	17112
negative_91_54	3887611	3899756	12146
negative_91_55	3902582	3923303	20722
negative_91_56	3996085	4005349	9265
negative_91_57	4009177	4031996	22820
negative_91_58	4088209	4096812	8604
negative_91_59	4109324	4122191	12868
negative_91_60	4124843	4135472	10630
negative_91_61	4221214	4232091	10878
negative_91_62	4335118	4347988	12871
negative_91_63	4352503	4371302	18800
negative_91_64	4427203	4439692	12490
negative_91_65	4447690	4463815	16126
negative_91_66	4559427	4571107	11681
negative_91_67	4580256	4597223	16968