islandpick_88_1	1227519	1238429	10911
islandpick_88_2	1426416	1443876	17461
islandpick_88_3	1629920	1643859	13940
islandpick_88_4	1644979	1671729	26751
islandpick_88_5	1677815	1698147	20333
islandpick_88_6	1703026	1720810	17785
islandpick_88_7	3080959	3113325	32367
negative_88_1	109586	120769	11184
negative_88_2	131871	146876	15006
negative_88_3	196908	206408	9501
negative_88_4	246114	255242	9129
negative_88_5	266080	275288	9209
negative_88_6	413850	427397	13548
negative_88_7	444860	458734	13875
negative_88_8	473474	490327	16854
negative_88_9	540484	562075	21592
negative_88_10	562260	579560	17301
negative_88_11	583643	593518	9876
negative_88_12	595825	614473	18649
negative_88_13	644157	656875	12719
negative_88_14	775278	784386	9109
negative_88_15	1445432	1461725	16294
negative_88_16	1532776	1544604	11829
negative_88_17	1732124	1755649	23526
negative_88_18	1758807	1780311	21505
negative_88_19	1945691	1953704	8014
negative_88_20	1957342	1969235	11894
negative_88_21	1989797	2017932	28136
negative_88_22	2030758	2042407	11650
negative_88_23	2108182	2118716	10535
negative_88_24	2202562	2210902	8341
negative_88_25	2293609	2306637	13029
negative_88_26	2338785	2349033	10249
negative_88_27	2433470	2444974	11505
negative_88_28	2755632	2764140	8509
negative_88_29	2910220	2924118	13899
negative_88_30	2944694	2954022	9329
negative_88_31	2965917	2978609	12693
negative_88_32	3195522	3208426	12905