islandpick_62_1	674211	779645	105435
islandpick_62_2	783447	797399	13953
islandpick_62_3	1237265	1259581	22317
islandpick_62_4	3393606	3404662	11057
negative_62_1	40180	49858	9679
negative_62_2	120703	128707	8005
negative_62_3	168026	178103	10078
negative_62_4	184165	192213	8049
negative_62_5	207469	223270	15802
negative_62_6	243486	258904	15419
negative_62_7	258930	279836	20907
negative_62_8	292782	314076	21295
negative_62_9	331544	357398	25855
negative_62_10	359563	376489	16927
negative_62_11	382699	398571	15873
negative_62_12	422872	441760	18889
negative_62_13	463887	471955	8069
negative_62_14	480806	493773	12968
negative_62_15	503550	523190	19641
negative_62_16	526030	551889	25860
negative_62_17	574404	588677	14274
negative_62_18	618450	630356	11907
negative_62_19	647749	673750	26002
negative_62_20	812665	820856	8192
negative_62_21	891761	909129	17369
negative_62_22	937442	950779	13338
negative_62_23	972446	986907	14462
negative_62_24	1003323	1011793	8471
negative_62_25	1020925	1033341	12417
negative_62_26	1039845	1051185	11341
negative_62_27	1074143	1082554	8412
negative_62_28	1176936	1191276	14341
negative_62_29	1519739	1532422	12684
negative_62_30	1797965	1813273	15309
negative_62_31	1813716	1823077	9362
negative_62_32	1894219	1911510	17292
negative_62_33	2180900	2192471	11572
negative_62_34	2219686	2231461	11776
negative_62_35	2273735	2294354	20620
negative_62_36	2397044	2415200	18157
negative_62_37	2465866	2475088	9223
negative_62_38	2482723	2491917	9195
negative_62_39	2524330	2537900	13571
negative_62_40	2543838	2556077	12240
negative_62_41	2601243	2617444	16202
negative_62_42	2634165	2643402	9238
negative_62_43	2644190	2656231	12042
negative_62_44	2732378	2740637	8260
negative_62_45	2816335	2825264	8930
negative_62_46	2897015	2908335	11321
negative_62_47	2924097	2940467	16371
negative_62_48	3044627	3053597	8971
negative_62_49	3103702	3115536	11835
negative_62_50	3142620	3156593	13974
negative_62_51	3163590	3178693	15104
negative_62_52	3213488	3227802	14315
negative_62_53	3238875	3247438	8564
negative_62_54	3258079	3267530	9452
negative_62_55	3271735	3289467	17733
negative_62_56	3300462	3309019	8558
negative_62_57	3312902	3326469	13568
negative_62_58	3350772	3361389	10618
negative_62_59	3477959	3488518	10560
negative_62_60	3507299	3518086	10788
negative_62_61	3537458	3563626	26169
negative_62_62	3573357	3582506	9150
negative_62_63	3635935	3648386	12452
negative_62_64	3664883	3686001	21119
negative_62_65	3686033	3697083	11051
negative_62_66	3793510	3804445	10936
negative_62_67	3810876	3819994	9119
negative_62_68	3826528	3840555	14028
negative_62_69	3844080	3855093	11014
negative_62_70	3875095	3885486	10392
negative_62_71	3893069	3903725	10657
negative_62_72	3941462	3963734	22273