islandpick_11_1	589293	607080	17788
islandpick_11_2	774209	784797	10589
islandpick_11_3	1546621	1563682	17062
islandpick_11_4	1823418	1833418	10001
islandpick_11_5	1835095	1859357	24263
islandpick_11_6	1959529	1981738	22210
islandpick_11_7	2008675	2018070	9396
islandpick_11_8	2471008	2482264	11257
islandpick_11_9	3159686	3169902	10217
islandpick_11_10	3324198	3333162	8965
islandpick_11_11	3426231	3442844	16614
islandpick_11_12	3709626	3717895	8270
islandpick_11_13	3821573	3838268	16696
islandpick_11_14	4631435	4660597	29163
islandpick_11_15	4663989	4675420	11432
islandpick_11_16	5308854	5323342	14489
islandpick_11_17	5377891	5389588	11698
negative_11_1	493057	505725	12669
negative_11_2	551503	584368	32866
negative_11_3	740811	748965	8155
negative_11_4	1014119	1024734	10616
negative_11_5	1096885	1108953	12069
negative_11_6	1303292	1315878	12587
negative_11_7	1315952	1327409	11458
negative_11_8	1665738	1678191	12454
negative_11_9	4106271	4118567	12297
negative_11_10	4346753	4359428	12676
negative_11_11	4691932	4703466	11535
negative_11_12	5042313	5066308	23996
negative_11_13	5260515	5272309	11795
negative_11_14	5640671	5649701	9031
negative_11_15	5732563	5748489	15927
negative_11_16	6059552	6069237	9686