islandpick_37_1	1536219	1556315	20097
negative_37_1	15558	24314	8757
negative_37_2	475826	485113	9288
negative_37_3	498655	513038	14384
negative_37_4	550618	568007	17390
negative_37_5	568051	583856	15806
negative_37_6	808869	821866	12998
negative_37_7	1042292	1052430	10139
negative_37_8	1071737	1083274	11538
negative_37_9	1121576	1131749	10174
negative_37_10	1212585	1223793	11209
negative_37_11	1243405	1263013	19609
negative_37_12	1499975	1508900	8926
negative_37_13	1631258	1640186	8929
negative_37_14	1713818	1725258	11441
negative_37_15	1745518	1755462	9945
negative_37_16	1772787	1782696	9910
negative_37_17	1946744	1956204	9461
negative_37_18	1966724	1975237	8514
negative_37_19	2007717	2015797	8081
negative_37_20	2122917	2136781	13865
negative_37_21	2176572	2194022	17451
negative_37_22	2200972	2210319	9348
negative_37_23	2305970	2321178	15209