islandpick_61_1	237940	252748	14809
islandpick_61_2	709773	720288	10516
islandpick_61_3	1176438	1187087	10650
negative_61_1	2436816	2445259	8444
negative_61_2	2639438	2649140	9703
negative_61_3	2911986	2920500	8515
negative_61_4	2968243	2977574	9332
negative_61_5	2980082	2990907	10826
negative_61_6	3022229	3032375	10147
negative_61_7	3293008	3310533	17526
negative_61_8	3322765	3333503	10739
negative_61_9	3421999	3437741	15743
negative_61_10	3452459	3463007	10549
negative_61_11	3486268	3500011	13744
negative_61_12	3922692	3938701	16010
negative_61_13	3971330	3982380	11051
negative_61_14	4028492	4037462	8971
negative_61_15	4062587	4072626	10040
negative_61_16	4134253	4142351	8099
negative_61_17	4194858	4209361	14504
negative_61_18	4496769	4509104	12336
negative_61_19	63781	75929	12149
negative_61_20	76685	86914	10230
negative_61_21	87731	109759	22029
negative_61_22	110294	118400	8107
negative_61_23	118441	127651	9211
negative_61_24	176342	200537	24196
negative_61_25	387185	399901	12717
negative_61_26	415462	426408	10947
negative_61_27	576616	585804	9189
negative_61_28	592254	603657	11404
negative_61_29	647781	656576	8796
negative_61_30	786407	795032	8626
negative_61_31	877533	891021	13489
negative_61_32	944815	964614	19800
negative_61_33	1134394	1147730	13337
negative_61_34	1321124	1331948	10825
negative_61_35	1682568	1691702	9135
negative_61_36	1894522	1903355	8834
negative_61_37	2160684	2171606	10923
negative_61_38	2296824	2306030	9207
negative_61_39	2398111	2425360	27250