islandpick_106_1	1553008	1573103	20096
negative_106_1	15583	24336	8754
negative_106_2	520052	534436	14385
negative_106_3	565989	599229	33241
negative_106_4	824146	834548	10403
negative_106_5	1058493	1068631	10139
negative_106_6	1088000	1099537	11538
negative_106_7	1130426	1147948	17523
negative_106_8	1258841	1278499	19659
negative_106_9	1413387	1422398	9012
negative_106_10	1516376	1527391	11016
negative_106_11	1528273	1536882	8610
negative_106_12	1661580	1670509	8930
negative_106_13	1687024	1697156	10133
negative_106_14	1743651	1757601	13951
negative_106_15	1775027	1784972	9946
negative_106_16	1804525	1814183	9659
negative_106_17	1983460	1993093	9634
negative_106_18	2004985	2013497	8513
negative_106_19	2046160	2054240	8081
negative_106_20	2161806	2175678	13873
negative_106_21	2215407	2232721	17315
negative_106_22	2239670	2249018	9349
negative_106_23	2357275	2372486	15212