islandpick_115_1	862099	885750	23652
islandpick_115_2	1357137	1366835	9699
islandpick_115_3	826660	857724	31065
islandpick_115_4	803426	825520	22095
islandpick_115_5	431177	448449	17273
islandpick_115_6	448572	460062	11491
islandpick_115_7	238812	249039	10228
islandpick_115_8	3428809	3443828	15020
islandpick_115_9	3406184	3423871	17688
islandpick_115_10	2545879	2562027	16149
negative_115_1	318529	334274	15746
negative_115_2	353752	367961	14210
negative_115_3	1198260	1217028	18769
negative_115_4	1724463	1739576	15114
negative_115_5	3075394	3086082	10689
negative_115_6	3262436	3274206	11771
negative_115_7	3853547	3864680	11134
negative_115_8	4181090	4190715	9626
negative_115_9	4418757	4432512	13756