islandpick_73_1	1763627	1772777	9151
islandpick_73_2	2162619	2173664	11046
islandpick_73_3	2179371	2193934	14564
islandpick_73_4	2193987	2227517	33531
islandpick_73_5	2586093	2622773	36681
islandpick_73_6	2910053	2921967	11915
islandpick_73_7	2990014	2999149	9136
islandpick_73_8	3008955	3029481	20527
islandpick_73_9	3161334	3178192	16859
islandpick_73_10	3192695	3200993	8299
islandpick_73_11	3621850	3631999	10150
islandpick_73_12	4174319	4192669	18351
islandpick_73_13	4192863	4201783	8921
islandpick_73_14	4207859	4233555	25697
islandpick_73_15	4301440	4310594	9155
islandpick_73_16	4394934	4417945	23012
islandpick_73_17	4484323	4493066	8744
islandpick_73_18	4493111	4501310	8200
islandpick_73_19	4605993	4632481	26489
islandpick_73_20	5001721	5014127	12407
negative_73_1	470869	497452	26584
negative_73_2	531970	566137	34168
negative_73_3	969047	985977	16931
negative_73_4	1072013	1087775	15763
negative_73_5	1094113	1107568	13456
negative_73_6	1390193	1399907	9715
negative_73_7	1519979	1529758	9780
negative_73_8	1780502	1790968	10467
negative_73_9	2149229	2161577	12349
negative_73_10	2372318	2381181	8864
negative_73_11	2434171	2444076	9906
negative_73_12	4656379	4670167	13789
negative_73_13	4725220	4740671	15452
negative_73_14	4922981	4936262	13282
negative_73_15	5333703	5342429	8727
negative_73_16	5352050	5367200	15151
negative_73_17	6048128	6059859	11732
negative_73_18	6172370	6180943	8574