islandpick_20_1	472413	483231	10819
islandpick_20_2	3762949	3772843	9895
islandpick_20_3	4843089	4859723	16635
negative_20_1	374	82210	81837
negative_20_2	87060	150654	63595
negative_20_3	150805	159740	8936
negative_20_4	184498	192844	8347
negative_20_5	237619	260514	22896
negative_20_6	262470	272924	10455
negative_20_7	295243	307152	11910
negative_20_8	308563	319291	10729
negative_20_9	370336	380781	10446
negative_20_10	404004	415884	11881
negative_20_11	429283	438328	9046
negative_20_12	438835	447131	8297
negative_20_13	516124	531657	15534
negative_20_14	677976	688460	10485
negative_20_15	752155	770117	17963
negative_20_16	858966	871110	12145
negative_20_17	1110532	1119597	9066
negative_20_18	1119602	1128303	8702
negative_20_19	1137927	1146655	8729
negative_20_20	1146846	1177815	30970
negative_20_21	1253022	1266554	13533
negative_20_22	1267063	1276178	9116
negative_20_23	1276514	1285413	8900
negative_20_24	1316017	1326004	9988
negative_20_25	1339542	1377004	37463
negative_20_26	1387332	1395557	8226
negative_20_27	1404839	1455055	50217
negative_20_28	1471475	1480806	9332
negative_20_29	1497532	1507949	10418
negative_20_30	1565239	1573370	8132
negative_20_31	1580877	1594596	13720
negative_20_32	1608017	1618004	9988
negative_20_33	1918263	1928863	10601
negative_20_34	1929659	1940805	11147
negative_20_35	2087852	2102124	14273
negative_20_36	2137831	2149921	12091
negative_20_37	2182333	2197482	15150
negative_20_38	2203643	2218601	14959
negative_20_39	2369327	2378428	9102
negative_20_40	3363109	3378403	15295
negative_20_41	3576046	3591392	15347
negative_20_42	3591719	3608612	16894
negative_20_43	3615863	3693460	77598
negative_20_44	3700116	3746115	46000
negative_20_45	3790221	3800896	10676
negative_20_46	3802106	3854750	52645
negative_20_47	3859641	3874207	14567
negative_20_48	3888990	3929980	40991
negative_20_49	3930474	3946568	16095
negative_20_50	3951870	3971208	19339
negative_20_51	3972130	3982304	10175
negative_20_52	3994269	4007552	13284
negative_20_53	4009469	4031152	21684
negative_20_54	4046463	4058852	12390
negative_20_55	4069009	4122449	53441
negative_20_56	4122455	4151121	28667
negative_20_57	4186141	4205973	19833
negative_20_58	4211794	4222293	10500
negative_20_59	4231988	4241108	9121
negative_20_60	4241525	4260008	18484
negative_20_61	4267059	4275970	8912
negative_20_62	4276710	4286419	9710
negative_20_63	4316909	4326821	9913
negative_20_64	4375158	4384340	9183
negative_20_65	4384390	4405567	21178
negative_20_66	4406405	4419959	13555
negative_20_67	4430668	4439909	9242
negative_20_68	4492346	4509123	16778
negative_20_69	4628477	4639339	10863
negative_20_70	4639354	4649157	9804
negative_20_71	4658491	4675395	16905
negative_20_72	4753271	4765188	11918
negative_20_73	4859762	4868701	8940
negative_20_74	4868884	4885350	16467
negative_20_75	4901899	4915802	13904
negative_20_76	4957244	4971108	13865
negative_20_77	5015739	5032949	17211
negative_20_78	5035596	5050847	15252
negative_20_79	5053158	5078334	25177
negative_20_80	5101065	5113087	12023
negative_20_81	5113285	5122086	8802
negative_20_82	5172001	5183861	11861
negative_20_83	5200431	5228547	28117