islandpick_51_1	2268022	2300118	32097
negative_51_1	10137	22946	12810
negative_51_2	29622	45058	15437
negative_51_3	110865	122356	11492
negative_51_4	172196	180627	8432
negative_51_5	183759	197955	14197
negative_51_6	199443	209119	9677
negative_51_7	253631	262855	9225
negative_51_8	280027	289568	9542
negative_51_9	292797	303136	10340
negative_51_10	341654	351680	10027
negative_51_11	352214	362499	10286
negative_51_12	381780	417798	36019
negative_51_13	546615	570774	24160
negative_51_14	772212	781905	9694
negative_51_15	941991	953875	11885
negative_51_16	967085	977033	9949
negative_51_17	982799	993399	10601
negative_51_18	1750996	1759473	8478
negative_51_19	1763980	1794177	30198
negative_51_20	1802475	1812513	10039
negative_51_21	1836065	1845983	9919
negative_51_22	1917925	1925960	8036
negative_51_23	1963304	1972120	8817
negative_51_24	2016930	2030941	14012
negative_51_25	2064245	2081778	17534
negative_51_26	2170420	2193623	23204
negative_51_27	2311113	2321896	10784
negative_51_28	2322209	2338402	16194
negative_51_29	2351275	2368346	17072
negative_51_30	2377408	2389370	11963
negative_51_31	2507140	2517521	10382
negative_51_32	2538797	2549041	10245
negative_51_33	2699812	2730429	30618
negative_51_34	2786126	2798377	12252
negative_51_35	2798789	2814771	15983
negative_51_36	2886026	2895664	9639
negative_51_37	2896140	2910603	14464
negative_51_38	2936022	2945482	9461
negative_51_39	2948485	2958488	10004
negative_51_40	3073169	3084358	11190
negative_51_41	3184510	3206303	21794
negative_51_42	3206632	3219974	13343
negative_51_43	3229950	3246683	16734
negative_51_44	3251982	3269652	17671
negative_51_45	3269914	3278294	8381
negative_51_46	3304371	3315465	11095
negative_51_47	3319520	3329347	9828
negative_51_48	3407456	3422120	14665
negative_51_49	3427315	3453091	25777
negative_51_50	3471938	3480992	9055