islandpick_45_1	241955	250332	8378
islandpick_45_2	295124	313742	18619
islandpick_45_3	1195789	1215854	20066
islandpick_45_4	1346401	1362181	15781
islandpick_45_5	2740481	2750883	10403
islandpick_45_6	3315878	3325238	9361
islandpick_45_7	4743684	4754679	10996
islandpick_45_8	5022455	5038543	16089
negative_45_1	81272	91155	9884
negative_45_2	98309	109976	11668
negative_45_3	109980	122441	12462
negative_45_4	179399	188901	9503
negative_45_5	190409	214358	23950
negative_45_6	453884	462454	8571
negative_45_7	467801	478860	11060
negative_45_8	670497	682219	11723
negative_45_9	704285	712961	8677
negative_45_10	722431	734048	11618
negative_45_11	736772	748959	12188
negative_45_12	898030	911549	13520
negative_45_13	964508	990301	25794
negative_45_14	1001188	1011145	9958
negative_45_15	1088353	1097421	9069
negative_45_16	1287877	1299089	11213
negative_45_17	1308909	1319081	10173
negative_45_18	1386628	1396511	9884
negative_45_19	1727336	1740818	13483
negative_45_20	1772680	1781557	8878
negative_45_21	1839869	1847913	8045
negative_45_22	1902469	1915022	12554
negative_45_23	1938561	1947395	8835
negative_45_24	2380601	2395568	14968
negative_45_25	2482374	2491033	8660
negative_45_26	2494739	2522134	27396
negative_45_27	2533543	2543774	10232
negative_45_28	2545530	2554260	8731
negative_45_29	2660496	2668642	8147
negative_45_30	2792842	2804841	12000
negative_45_31	2813669	2823473	9805
negative_45_32	3240872	3254145	13274
negative_45_33	3278157	3288147	9991
negative_45_34	3593327	3611085	17759
negative_45_35	3623166	3631493	8328
negative_45_36	3671072	3685951	14880
negative_45_37	3726463	3744082	17620
negative_45_38	3802499	3816437	13939
negative_45_39	3859080	3867574	8495
negative_45_40	4084997	4096429	11433
negative_45_41	4209077	4230277	21201
negative_45_42	4267277	4275663	8387
negative_45_43	4368070	4378019	9950
negative_45_44	4428187	4436280	8094
negative_45_45	4496686	4510936	14251
negative_45_46	4535786	4545595	9810
negative_45_47	4799725	4815411	15687
negative_45_48	5049798	5061841	12044